## 2차원 리스트
![col_row](./low_col.png)

### 행 우선 순회
```python
n = 3
m = 4
list_2 = [[1,2,3,4],[5,6,7,8],[9,10,11,12]]
for i in range(n):
    for j in range(m):
        print(list_2[i][j], end= " ")
    print()

"""
출력 결과
1 2 3 4
5 6 7 8
9 10 11 12
"""
```
### 열 우선 순회
```python
n = 3
m = 4
list_2 = [[1,2,3,4],[5,6,7,8],[9,10,11,12]]
for j in range(m):
    for i in range(n):
        print(list_2[i][j], end= " ")
    print()

"""
출력 결과
1 5 9
2 6 10
3 7 11
4 8 12
"""
```
### 지그재그 순회
```python
n = 3
m = 4
list_2 = [[1,2,3,4],[5,6,7,8],[9,10,11,12]]
for i in range(n):
    for j in range(m):
        print(list_2[i][j + (m-1-(2*j)) * (i % 2)], end= " ")
    print()

"""
출력 결과
1 2 3 4
9 7 6 5
10 11 12 13
"""
```